[ 
  [-36.83498129111476,175.0884246826172],
  [-36.8342256322464,175.08773803710938],
  [-36.833263873799275,175.08679389953613],
  [-36.83243949979178,175.08687973022458],
  [-36.83168381581405,175.0869655609131],
  [-36.831134222777955,175.08627891540527],
  [-36.831134222777955,175.0850772857666],
  [-36.83106552337082,175.08301734924316],
  [-36.83037852590646,175.08087158203125],
  [-36.83003502486083,175.07932662963867],
  [-36.82989762401074,175.07692337036133],
  [-36.82872970682175,175.074348449707],
  [-36.82783658164749,175.07306098937985],
  [-36.82714955518828,175.07288932800293],
  [-36.82639381895796,175.0736618041992],
  [-36.825981596049814,175.0747776031494],
  [-36.825088438796875,175.0748634338379],
  [-36.82398915401997,175.07563591003415],
  [-36.822889853450945,175.07640838623047],
  [-36.822615025841195,175.0758934020996],
  [-36.82220278257596,175.0736618041992],
  [-36.821309581216305,175.07246017456055],
  [-36.81993540492194,175.07203102111816],
  [-36.81856120395344,175.07125854492188],
  [-36.817599248594554,175.0708293914795],
  [-36.816843418045316,175.0710868835449],
  [-36.816156292887435,175.07134437561035],
  [-36.81560658831996,175.0718593597412],
  [-36.814782024066815,175.0722885131836],
  [-36.814163595048,175.07177352905273],
  [-36.81423230963016,175.0711727142334],
  [-36.813476445834006,175.07014274597168],
  [-36.81265185863528,175.0693702697754],
  [-36.81189597923382,175.06876945495605],
  [-36.811277526899595,175.06799697875977],
  [-36.81079650496334,175.06619453430176],
  [-36.81052163392852,175.0638771057129],
  [-36.809834452023935,175.06293296813965],
  [-36.80935342102083,175.06173133850098]
]




[
          [-36.78928486397914,175.01186370849607],
          [-36.789422337733654,175.01319408416745],
          [-36.78966291621052,175.01430988311768],
          [-36.78993786211623,175.01551151275635],   
          [-36.79021280703529,175.01675605773926],
          [-36.79069395826945,175.01744270324707],
          [-36.79090016501625, 175.0177001953125,
          [-36.79148441445149,175.01757144927979],
          [ -36.79210302664427,175.01727104187012],
          [ -36.79254979901033,175.01731395721436], 
          [ -36.792893468288185,175.01752853393555],
          [-36.7932027693201,175.01800060272217],
          [ -36.79358080221877, 175.01834392547607],
          [ -36.79443996095984,175.01847267150876],
          [ -36.795024183399796,175.01873016357422], 
          [ -36.79512728101491,175.01928806304932], 
          [ -36.79492108564592,175.01958847045898], 
          [ -36.794543059361246,175.01997470855713],
          
           
         
          [
            175.02014636993408,
            -36.794130664923095
          ],
          [
            175.02044677734372,
            -36.79371826826486
          ],
          [
            175.02091884613037,
            -36.793408969314264
          ],
          [
            175.0210905075073,
            -36.79306530234897
          ],
          [
            175.02130508422852,
            -36.79296220195876
          ],
          [
            175.02182006835938,
            -36.79299656877091
          ],
          [
            175.02224922180176,
            -36.79309966911488
          ],
          [
            175.02267837524414,
            -36.79334023604454
          ],
          [
            175.0229787826538,
            -36.79351206910322
          ],
          [
            175.0235366821289,
            -36.79375263473784
          ],
          [
            175.02379417419434,
            -36.79399319961703
          ],
          [
            175.02418041229248,
            -36.79419939748363
          ],
          [
            175.02456665039062,
            -36.79447432710906
          ],
          [
            175.02503871917722,
            -36.79461179155176
          ],
          [
            175.0255537033081,
            -36.79437122861515
          ],
          [
            175.02624034881592,
            -36.794336862419684
          ],
          [
            175.02641201019287,
            -36.79461179155176
          ],
          [
            175.02658367156982,
            -36.79512728101491
          ],
          [
            175.02675533294678,
            -36.79533347582888
          ],
          [
            175.02739906311035,
            -36.79529911006509
          ],
          [
            175.02804279327393,
            -36.79509291515863
          ],
          [
            175.02885818481445,
            -36.7949554515793
          ],
          [
            175.0293731689453,
            -36.795024183399796
          ],
          [
            175.02984523773193,
            -36.79526474428589
          ],
          [
            175.0303602218628,
            -36.79560840138412
          ],
          [
            175.03074645996094,
            -36.79564276700915
          ],
          [
            175.031476020813,
            -36.79602078786688
          ],
          [
            175.03190517425537,
            -36.79636444157326
          ],
          [
            175.03207683563232,
            -36.79653626784828
          ]
        ]




